[gd_scene load_steps=4 format=2]

[ext_resource path="res://scene/weapon/range/crossbow/bow.png" type="Texture" id=1]
[ext_resource path="res://scene/weapon/range/bow/bow.gd" type="Script" id=2]
[ext_resource path="res://scene/weapon/range/crossbow/cross.png" type="Texture" id=3]

[node name="crossbow" type="Spatial"]
transform = Transform( 0.925824, 0.377954, 0, -0.377954, 0.925824, 0, 0, 0, 1, 0, 0, 0 )
script = ExtResource( 2 )

[node name="Sprite3D" type="Sprite3D" parent="."]
transform = Transform( 0.919556, -0.389073, 0.0551277, 0.387764, 0.921161, 0.0331615, -0.0636838, -0.0091173, 0.997929, -0.0114831, 0.107305, -0.0280869 )
modulate = Color( 0.537255, 0.239216, 0, 1 )
texture = ExtResource( 3 )

[node name="Sprite3D2" type="Sprite3D" parent="."]
transform = Transform( -0.175521, -0.970101, -0.167613, 0.173759, -0.19811, 0.964657, -0.969019, 0.140193, 0.203337, 0.407197, 0.440962, -0.0637676 )
texture = ExtResource( 1 )
